:33 - Roughly frame 990-1000
:50
:55
1:29
1:32
2:48
3:19
3:32
3:42
3:48
3:52
3:58
4:09
4:30
4:30
4:51
5:06
5:21
5:47
6:51
6:57
7:27
8:00
8:30
8:32
8:48
8:54
8:54
28 Kills, 1 Death
Kills: 3 Seconds on screen, 90 frames (fps*sec)
Video: 17,160 Frames
First Run:
[1120, 1140, 1200, 1920, 1960, 11440, 11840, 11860, 12360, 12380, 12400, 12460, 12560, 12620, 12680, 12760, 12860, 13880, 13920, 13940, 13960, 14000, 14020, 14040, 14100, 14520, 14640, 15040, 15120, 15220, 15380, 34280, 34300, 34320, 34340, 34360, 34380, 34400, 34420, 34440, 34460, 34480, 34500, 34520, 34560, 34580, 34600, 34620, 34640, 34660, 34700, 34720, 34740, 34760, 34780, 34800, 34840, 35080, 35160, 35240, 35320, 35360, 35440, 35700, 35980, 36040, 36060, 36120, 36200, 36240, 36320, 36360, 36380, 36440, 36460, 36480, 36500, 36520, 36540, 36560, 36600, 36620, 36640, 36660, 36680, 36700, 36720, 36760, 36780, 36800, 36820, 36840, 36860, 36880, 36900, 36920, 36940, 37060, 37380, 68380, 81780, 81800, 82000, 82040, 82060, 82080, 82100, 82120, 82160, 82180, 82200, 82220, 82240, 82260, 82580, 82620, 82640, 82660, 82680, 82720, 82740, 82780, 82800, 82880, 82900, 82940, 82960, 82980, 83000, 83020, 83040, 83060, 83080, 83100, 83120, 83140, 83160, 83180, 83220, 100480, 100500, 100520, 100560, 100800, 100820, 101200, 101220, 101300, 101320, 101340, 101360, 101400, 101420, 101440, 101480, 101600, 101640, 108640, 109060, 109120, 109360, 109420, 109840, 109880, 109900, 109960, 109980, 110000, 110020, 110040, 110060, 110120, 114540, 114600, 114620, 115520, 118080, 118140, 118160, 118180, 118200, 118220, 118240, 118280, 118300, 118320, 118340, 118360, 118380, 118400, 118420, 118440, 118480, 118500, 118520, 118560, 118580, 118620, 118660, 118680, 118740, 118840, 118860, 118920, 118980, 119120, 119140, 119160, 119180, 119200, 119220, 119240, 119260, 119280, 119300, 119320, 119340, 119380, 119400, 119420, 119540, 119600, 119680, 119700, 119720, 119740, 119760, 119780, 119800, 119820, 119840, 119880, 119920, 119940, 119960, 119980, 120000, 120020, 120040, 120060, 120080, 120140, 120200, 120240, 120260, 120320, 120340, 120360, 120380, 120400, 120420, 120440, 120460, 120480, 120500, 120520, 120560, 120640, 120700, 120740, 124180, 124200, 124220, 124240, 124260, 124280, 124300, 124320, 124340, 124360, 124380, 124420, 124440, 124460, 124480, 124500, 124520, 124540, 124560, 124580, 124600, 124620, 124640, 124660, 124680, 124720, 124760, 124780, 124800, 124820, 125100, 125140, 125220, 125240, 125260, 125280, 125380, 130460, 130480, 130540, 130560, 130600, 130620, 130700, 130720, 131300, 131520, 131540, 131560, 131780, 131820, 143740, 143800, 144000, 144020, 144040, 144080, 144120, 144320, 144340, 144360, 144480, 144500, 155680, 155800, 155900, 155920, 156100, 156120, 156160, 156220, 156240, 156320, 156360, 164920, 164940, 165000, 165020, 165040, 165060, 165080, 165100, 165120, 165140, 165200, 165220, 165240, 165260, 165280, 165300, 165320, 165380, 165400, 165420, 165460, 165480, 165500, 165520, 165540, 165560, 165580, 165600, 165620, 165660, 165680, 165700, 165720, 165740, 166080, 167960, 174180, 174300, 174340, 174360, 174380, 174400, 174480, 174500, 174520, 174540, 174600, 174620, 174640, 174660, 174680, 174700, 174740, 174780, 174840, 174880, 174900, 174980, 175040, 175060, 175080, 175120, 175140, 175200, 175220, 175240, 175260, 175300, 175340, 175360, 175380, 189180, 189220, 189240, 189260, 189280, 189300, 189360, 189420, 189460, 189480, 189500, 189520, 189560, 189580, 189600, 189620, 189640, 189660, 189680, 189700, 189720, 189740, 189760, 189780, 189800, 189820, 189980, 190020, 190040, 190060, 190080, 190220, 190260, 190280, 190300, 190320, 190340, 190360, 190520, 190540, 227780, 227880, 227900, 227980, 228120, 228420, 228520, 228640, 228960, 229140, 229180, 231760, 231780, 231840, 232160, 232180, 232220, 232260, 232280, 232400, 232420, 232440, 232460, 232480, 232500, 232520, 232540, 232560, 232580, 232600, 232620, 232640, 232660, 232680, 232700, 232720, 248000, 249440, 249500, 249520, 249540, 249580, 249600, 249660, 249700, 249740, 249760, 250420, 250440, 250460, 250860, 250920, 250940, 269660, 269820, 269840, 270040, 270080, 270120, 270380, 271000, 286220, 286300, 286320, 287320, 287340, 287400, 288080, 288120, 288180, 288260, 288320, 288340, 288440, 288460, 288500, 288560, 289060, 289060, 289180, 289260, 289540, 289560, 289600, 302760, 302780, 302820, 302840]
After fixing bug of not actually skipping frames
[1580, 2680, 2780, 5060, 5080, 5100, 6020, 6420, 6680, 6860, 6880, 6920, 6940, 7160, 7180, 7480, 7540, 8760, 9200, 9220, 9680, 10420, 10440, 10460, 12560, 12580, 14440, 15260]
Second Run: Skipped forward 3 seconds after a kill is found
[1580, 2680, 2780, 5060, 6020, 6420, 6680, 6860, 7160, 7480, 8760, 9200, 9680, 10420, 12560, 14440, 15260]